151.71596352194715 385.13679245098814 144.94367237543182 279.7386075707313 100.27054991775373 282.6090497140286 107.04284106426906 388.00723459428536 building 0
102.34696217023001 396.34359684834925 79.48224168160881 390.2543254926666 70.26204420537698 424.875419845309 93.12676469399818 430.96469120099164 building 0
126.00478431852734 412.73344825484094 102.72116294197619 408.7893245544801 93.36374527087693 464.02962294983547 116.64736664742807 467.9737466501963 building 0
144.3911600426449 480.3991960591248 142.65506168770636 455.69600258769157 125.92947025899704 456.8714486610235 127.66556861393556 481.57464213245675 building 0
163.18495586015686 412.35307311056977 139.1837733166777 399.7586023382581 124.51900104304747 427.705141947667 148.52018358652663 440.29961271997865 building 0
33.94936249327324 425.8988837224982 8.765286307897114 418.8193187686965 -8.934947026537202 481.784208236086 16.249129158838926 488.8637731898877 building 0
83.39677900000001 232.5 3.279649000000033 232.5 3.2796490000000382 319.166667 83.39677900000001 319.166667 building 0
48.53833988487233 182.64456112157256 47.56103824156778 135.71125388231297 3.0534673164298365 136.63804393320132 4.030768959734388 183.57135117246088 building 0
78.71156700000003 170 37.95022000000002 170 37.95022000000003 252.5 78.71156700000003 252.5 building 0
73.54363942476955 461.44779932360746 45.64647582990419 454.7258711411963 22.706855404201903 549.9292601768668 50.604018999067264 556.651188359278 building 0
124.07413827457732 508.40216748499915 81.94270552084834 501.1137473369189 65.0759408018539 598.6137472125383 107.20737355558288 605.9021673606186 building 0
100.8361411299023 59.29379749695098 0.21823525489140239 57.87345188308667 -0.9521890673691449 140.78682391134507 99.66571680764174 142.20716952520937 building 0
205.11076310262956 75.22020134931297 131.1366788391521 37.22429408091476 43.34921561606694 208.1373652143048 117.32329987954441 246.13327248270298 building 0
270.47996412682807 140.71881712081694 186.03057697607483 107.08743561127008 118.7205638770375 276.1048562518492 203.16995102779072 309.73623776139607 building 0
393.7493581908443 183.80677491101386 299.53372077057315 155.87740095570265 277.5070526666525 230.1811278840678 371.72269008692365 258.11050183937897 building 0
325.1307365152024 85.88515690930409 290.82984216749117 29.316303059780935 227.8836568048648 67.48413406194811 262.18455115257603 124.05298791147126 building 0
580.3935598992339 139.21498630332638 372.78295160270636 9.1327367444203 313.30770574151836 104.05492646435806 520.9183140380459 234.13717602326415 building 0
566.2104052989487 61.471607385311 517.3331682766915 49.1055934679367 501.4289713935066 111.96766089743289 550.3062084157639 124.33367481480718 building 0
585.6784865390715 168.7342914862681 545.3773706880962 167.3006638549811 542.3989447420769 251.02804639456264 582.7000605930522 252.4616740258496 building 0
639.531479 62.50000000000008 589.868228 62.50000000000007 589.868228 199.16666700000005 639.531479 199.16666700000005 building 0
586.6079442546963 322.8047256347538 564.3874627132834 318.9607504082534 554.054686427577 378.69039256235 576.27516796899 382.53436778885043 building 0
639.531479 206.66666700000005 630.161054 206.66666700000005 630.161054 298.3333330000001 639.531479 298.3333330000001 building 0
604.2731748436836 177.87925324841007 596.4945426298664 102.93733388663941 556.7666773986347 107.06090658007498 564.5453096124519 182.00282594184563 building 0
641.3447258297747 591.6311088546229 635.9811699089577 318.12272795976844 156.59066001157163 327.5236750142286 161.95421593238873 601.0320559090832 land 0
472.769311498426 200.7334466513947 289.19426191025366 66.69044835025383 225.44260176275944 153.9998514614267 409.0176513509318 288.0428497625675 land 0
639.531479 292.5000000000001 597.833089 292.5000000000001 597.833089 420.83333300000004 639.531479 420.83333300000004 land 0
176.63178645346665 112.83198084104458 139.10972007975175 102.15995661513003 67.20778566690765 354.961964774555 104.72985204062255 365.63398900046946 land 0
83.33785119032146 346.20017358088995 25.26717201122259 336.8719408320642 -10.372378182545248 558.7374260870524 47.69830099655363 568.0656588358781 land 0
319.0381164506405 234.970545933565 293.75920733575674 204.9957249780038 271.17121856953065 224.0450369307248 296.45012768441444 254.01985788628596 land 0
56.23799828913958 408.6267767437959 54.903981301432545 311.34423688472435 -0.5310823994215914 312.1044073819039 0.8029345882854422 409.3869472409755 othertrees 0
45.446559000000015 84.166667 1.0358470863198809e-14 84.166667 1.9033052316337667e-14 225.83333299999998 45.44655900000002 225.83333299999998 prosopis 0
125.38330933016081 78.0366348277649 66.19447384594473 71.8105271770274 43.82507325812574 284.4664665770011 103.01390874234181 290.6925742277386 prosopis 0
54.93172709849943 193.03070567780998 0.9550880529240722 190.40042231560886 -1.0544260337428266 231.63811482880203 52.92221301183253 234.26839819100314 othertrees 0
436.14090819200965 265.2501842116237 258.86198383244516 171.82309794925075 180.1012341753575 321.27248719542683 357.380158534922 414.69957345779983 prosopis 0
93.50396401873763 603.4860372290483 85.15267916158584 443.0630644492339 -7.5368601718416315 447.8882882487833 0.8144246853101684 608.3112610285978 othertrees 0
281.885521846577 291.50065224018863 223.7084562895099 266.9691813660992 143.8099187453548 456.4507856481183 201.98698430242186 480.98225652220776 prosopis 0
187.78375856543892 277.82571715176226 141.41460874411572 275.0815166169239 135.22231758436908 379.71354801490065 181.59146740569227 382.457748549739 othertrees 0
539.9484850705724 203.40670168932772 436.6883594633566 202.08725692252656 434.7503924904926 353.7531076467929 538.0105180977083 355.07255241359405 prosopis 0
190.85713856180746 447.82346216226154 127.81292440024913 415.7865782276867 60.78976504259671 547.6790063726075 123.83397920415504 579.7158903071825 othertrees 0
273.2769661074389 58.52386216254065 200.5297673208185 48.99912797651798 188.81049709859397 138.50756609559758 261.5576958852144 148.03230028162022 prosopis 0
603.8568930242216 262.5399889829 538.9826876860844 253.90142661757517 520.6839198082056 391.32221199148256 585.5581251463427 399.9607743568074 prosopis 0
639.531479 195.00000000000006 588.462665 195.00000000000006 588.462665 288.3333330000001 639.531479 288.3333330000001 building 0