656.3004998679459 82.16087124605052 207.30641489371146 55.5408232573331 190.47995463310565 339.3487687301635 639.47403960734 365.96881671888093 land 0
120 72.00000000000001 100 72 100 107.00000000000001 120 107.00000000000003 building 0
143 110.00000000000001 98 110 98 153 143 153 building 0
75 60.00000000000001 52.000000000000014 60 52.000000000000014 107 75 107 building 0
44.00000000000003 184 36.00000000000003 184 36.00000000000003 204 44.00000000000003 204 building 0
58.00000000000003 207 34.00000000000003 207 34.00000000000003 228 58.00000000000003 228 building 0
187.8772687227024 375.8343070821167 163.0238052331815 280.79246709904794 111.31767184006205 294.3136331318092 136.17113532958297 389.35547311487795 building 0
42.34053831008987 236.96093579427475 0.46852100000002905 236.66666699999996 -0.034697694992791295 308.2705282229586 41.837319615097044 308.5647970172334 building 0
31.98398236564145 150.17949994141716 15.88776202230683 149.67673771823718 14.897340803208262 181.38563993943166 30.99356114654288 181.8884021626116 building 0
267.67173359442234 332.45597083005634 246.7796070885727 325.8299737679372 227.93128811502726 385.25974120160697 248.82341462087686 391.8857382637261 building 0
314.1885727826509 101.02254094695252 279.32460699483397 96.19320805288787 263.19942529011263 212.60427260523596 298.06339107792957 217.4336054993006 building 0
141.9303069136487 191.78958080193348 117.78653084592594 190.99109614025213 115.36235980825364 264.29074169659873 139.50613587597638 265.08922635828003 building 0
467.2473981302296 390.10612934758524 445.6706547605977 389.6728797393839 444.629856999647 441.50680125393035 466.20660036927904 441.9400508621317 building 0
426.3873226570313 388.48526018892363 397.5672478448393 388.0801758767403 396.4069619712342 470.6297209346456 425.2270367834262 471.0348052468289 building 0
88.90965404417724 213.8066777920758 75.69779589791145 213.13140149038983 74.46582257256831 237.23510063365813 87.67768071883411 237.91037693534412 building 0
22.489019000000027 180.83333299999998 2.2298777093653166e-14 180.83333299999998 2.5156286312074437e-14 227.5 22.489019000000027 227.5 building 0
72.3745477805319 292.2932627617768 54.06099201909805 289.2043587742023 47.63168797318051 327.32254523314066 65.94524373461437 330.41144922071516 building 0
147.54978039659773 419.78186882689477 120.07426279891251 340.660285128542 72.0292795632059 357.34423811165993 99.50479716089112 436.4658218100127 building 0
639.531479 464.16666700000013 566.910688 464.16666700000013 566.910688 605 639.531479 605 building 0
310.72944836598447 457.9362388981044 250.98004233789612 456.3365902431511 247.8179085606899 574.4472856039029 307.56731458877823 576.0469342588561 building 0
56.761996904335426 471.1354070691266 51.75108147544607 390.9216073164791 33.03122724811129 392.0910271253345 38.04214267700064 472.304826877982 building 0
227.80252222686346 598.3042574388078 203.72978200633844 497.10073274474735 146.86815304192882 510.6261037900154 170.9408932624538 611.8296284840759 prosopis 0
170.54884197930278 162.54326599144127 145.21717925136755 159.58386755172393 131.00058094846335 281.27416396956477 156.33224367639858 284.2335624092822 othertrees 0
275.7333581706629 189.13740546049763 247.99006220412957 160.77742901152715 215.4449033534143 192.6149016518125 243.18819931994756 220.97487810078297 othertrees 0
219.13074342207364 217.8861638838 192.36201416501515 211.9346546316243 177.06849264136588 280.7219352535788 203.83722189842433 286.67344450575445 prosopis 0
193.49926800000003 129.166667 167.26207900000003 129.166667 167.26207900000006 245.83333299999998 193.49926800000006 245.83333299999998 prosopis 0
215.01969403319725 99.15825633208782 213.4187998320764 56.44687837035045 180.10688774905617 57.6954647992343 181.707781950177 100.40684276097166 prosopis 0
177.38262641985875 115.99290560897339 155.25362299840083 109.14774584349644 141.229864316094 154.48369335893705 163.35886773755192 161.32885312441397 othertrees 0
125.55327623645684 107.14815031907384 42.49263044329667 93.80563466041153 27.183452933404183 189.10926428053085 110.24409872656435 202.45177993919313 othertrees 0
219.3874043904467 147.79378824509004 205.2402529404351 146.02625729007704 195.07850769216302 227.35991009882417 209.22565914217466 229.12744105383717 prosopis 0
35.66303269214908 137.75097506801762 31.938058885909747 64.87144407464686 -0.9429010262351274 66.55203549348964 2.7820727800042073 139.4315664868604 land 0
359.4356666067671 248.77430733791147 297.72782582011075 242.07211138326076 280.9854958082777 396.2205489637764 342.69333659493395 402.9227449184271 prosopis 0
601.4317306949041 321.452355646848 400.94296654883874 228.42666485129044 354.98898394662655 327.46658705681625 555.4777480926919 420.4922778523737 prosopis 0
497 298.0000000000001 487 298.0000000000001 487 317.0000000000001 497 317.0000000000001 building 0
78.00000000000003 242 67.00000000000003 242 67.00000000000003 270 78.00000000000003 270 building 0
284 235.00000000000006 279 235.00000000000006 279 250.00000000000006 284 250.00000000000006 building 0
167.00000000000006 442 156.00000000000006 442 156.00000000000006 480 167.00000000000006 480 building 0
112.00000000000006 472 88.00000000000006 472 88.00000000000009 585 112.00000000000009 585 building 0
237.00000000000006 347 179.00000000000006 347 179.00000000000006 398 237.00000000000006 398 building 0
293 409 262 409 262 459 293 459 building 0
204.00000000000006 417 196.00000000000006 417 196.00000000000006 432 204.00000000000006 432 water 0
354.0000000000001 493 325.0000000000001 493 325.0000000000001 557 354.0000000000001 557 water 0
587 370.0000000000001 585 370.0000000000001 585 393.0000000000001 587 393.0000000000001 building 0
350.00000000000006 449 320 449 320.00000000000006 474 350.0000000000001 474 building 0
510.0000000000001 492 448.0000000000001 492 448.0000000000001 575 510.0000000000001 575 building 0
391 343 370 343 370 450 391 450 othertrees 0
639.531479 63.33333300000008 600.175695 63.33333300000008 600.175695 313.3333330000001 639.531479 313.3333330000001 land 0
268.8898052582418 208.67761053083302 223.14833528011496 207.0702968844662 218.84657289221198 329.4912914203344 264.58804287033877 331.0986050667012 prosopis 0
237.208076749472 233.28532848675036 170.2858377899522 232.29518720287118 168.320727263189 365.1142084830329 235.24296622270884 366.10434976691204 othertrees 0
108.22840400000003 290 103.54319200000003 290 103.54319200000003 300 108.22840400000003 300 land 0
241.45756114173835 411.3026529922033 126.15656741769911 268.68733569221985 70.193621568856 313.9320077951719 185.49461529289522 456.5473250951553 land 0
44.509517000000045 319.166667 3.9749994042735286e-14 319.166667 4.546501241834549e-14 412.5 44.50951700000005 412.5 land 0
104.04839216666974 409.2155950991388 62.64996069403065 353.9907367380731 31.954160609242223 377.00135213883334 73.35259208188131 432.22621049989914 land 0
151.38042980280264 544.2601457351822 121.65406567111135 410.55673275684615 76.26195529861437 420.6487892839102 105.98831943030564 554.3522022622464 land 0
177.10102500000005 510 125.56369000000007 510 125.56369000000007 603.333333 177.10102500000005 603.333333 land 0
178.5982280705702 66.00163800651609 132.6350782739399 51.17445970606988 80.58295017663983 212.5321848571593 126.54609997327015 227.35936315760551 land 0
133.6188241615567 194.72161404686122 90.60062794435072 184.90903826558662 48.52316337788574 369.37605970729044 91.5413595950917 379.18863548856507 land 0
316.7464239243194 205.8015878892876 289.3638735755921 199.16053532233826 222.4000688555911 475.2673325209157 249.7826192043184 481.9083850878651 land 0
270.0405286738849 604.3310539764916 261.7440932389263 440.3708242345343 213.9975291813068 442.7868142985186 222.29396461626538 606.747044040476 land 0
382.7218752110791 242.89573324972883 353.54648602641646 240.8200267485318 337.7703127303356 462.56428370027345 366.94570191499815 464.6399902014705 land 0
519.9680699671275 486.8755955905073 313.85083584525364 463.83156802005374 301.06152439099105 578.2255252055478 507.1787585128649 601.2695527760013 land 0
365.619155804519 599.703345849381 362.95628260817284 501.42495347548515 309.89428372805435 502.8626792171198 312.55715692440054 601.1410715910157 prosopis 0
640 406.0000000000001 617 406.0000000000001 617 465.0000000000001 640 465.0000000000001 building 0
36.000000000000064 410 11.00000000000005 410 11.000000000000057 530 36.00000000000007 530 building 0
424 173.00000000000006 312 173.00000000000006 312 255.00000000000006 424 255.00000000000006 prosopis 0
237.2261994306888 406.0568478953352 179.741575899694 400.4987483852921 166.40343231984565 538.4484488007845 223.8880558508405 544.0065483108275 othertrees 0
186.9644940518188 457.3144939669097 135.6388167461833 395.47274363283725 91.85848133875314 431.8083155614379 143.18415864438865 493.6500658955103 building 0
96.61075574310779 602.0127466288906 93.5829914118491 458.763214965471 33.793983635099195 460.0269330596643 36.82174796635788 603.276464723084 building 0
549.575403 502.5000000000001 513.499268 502.5000000000001 513.499268 565.833333 549.575403 565.833333 water 0
549.4058963009408 470.95160438837365 542.395381581918 389.9320887516004 413.15109355807135 401.1154311404006 420.16160827709405 482.1349467771739 prosopis 0
621.9669763791376 355.08657608239616 547.7199245378335 343.43429303544394 536.0371986383041 417.8753233481263 610.2842504796081 429.52760639507846 othertrees 0
534.0693646424204 78.94756510287102 528.9172028139371 44.357839273631456 400.12026447745757 63.54222577610501 405.2724263059408 98.1319516053446 land 0
222.40349103092103 190.08428793944503 210.36603200000005 70 163.89731191116243 74.65810576793184 175.9347709420834 194.7423937073769 prosopis 0