135.00000000000006 270 10.000000000000032 270 10.00000000000005 514 135.00000000000006 514 water 0
55.00000000000003 183 41.00000000000003 183 41.00000000000003 200 55.00000000000003 200 building 0
73.00000000000003 187 64.00000000000003 187 64.00000000000003 207 73.00000000000003 207 building 0
88 113 77 113 77.00000000000001 176 88.00000000000003 176 building 0
107.00000000000003 148 81.00000000000003 148 81.00000000000003 162 107.00000000000003 162 building 0
198 154 175 154 175 198 198 198 building 0
76 62.000000000000014 33.000000000000014 62 33.000000000000014 90 76 90 building 0
70.00000000000001 97 56.000000000000014 97 56.000000000000014 173 70.00000000000003 173 building 0
173 64.00000000000001 103 64 103 111.00000000000001 173 111.00000000000003 building 0
146 179 134 179 134 202 146 202 building 0
193.00000000000006 269 183.00000000000006 269 183.00000000000006 279 193.00000000000006 279 building 0
159.00000000000003 227 137 227 137.00000000000003 266 159.00000000000006 266 building 0
216 107.00000000000003 209 107.00000000000003 209 127.00000000000003 216 127.00000000000003 building 0
242 121.00000000000003 220 121.00000000000003 220 184.00000000000003 242 184.00000000000006 building 0
297 97.00000000000003 275 97.00000000000003 275 167.00000000000006 297 167.00000000000006 building 0
277 64.00000000000003 233 64.00000000000003 233 115.00000000000003 277 115.00000000000003 building 0
243.00000000000006 318 212.00000000000006 318 212.00000000000006 375 243.00000000000006 375 building 0
165.00000000000006 323 111.00000000000003 323 111.00000000000006 376 165.00000000000006 376 building 0
97.00000000000003 207 13.000000000000025 207 13.000000000000032 319 97.00000000000003 319 building 0
259.00000000000006 390 194.00000000000006 390 194.00000000000006 497 259.0000000000001 497 building 0
563 429.00000000000006 464 429 464.00000000000006 525 563 525 building 0
437 61.00000000000005 388 61.00000000000004 388 144.00000000000006 437 144.00000000000006 building 0
381 67.00000000000006 353 67.00000000000006 353 97.00000000000006 381 97.00000000000006 building 0
244.00000000000006 234.00000000000003 230.00000000000006 234 230.00000000000006 266 244.00000000000006 266 building 0
263 265 249.00000000000006 265 249.00000000000006 292 263 292 building 0
475 74.00000000000006 466 74.00000000000006 466 103.00000000000006 475 103.00000000000006 building 0
494 117.00000000000006 469 117.00000000000006 469 136.00000000000006 494 136.00000000000006 building 0
488 149.00000000000006 473 149.00000000000006 473 187.00000000000006 488 187.00000000000006 building 0
530 70.00000000000006 489 70.00000000000006 489 126.00000000000006 530 126.00000000000006 building 0
520 175.00000000000006 511 175.00000000000006 511 214.00000000000006 520 214.00000000000006 building 0
548 235.00000000000006 512 235.00000000000006 512 278.0000000000001 548 278.0000000000001 building 0
585 63.00000000000007 558 63.00000000000007 558 81.00000000000007 585 81.00000000000009 building 0
573 94.00000000000006 542 94.00000000000006 542 123.00000000000006 573 123.00000000000006 building 0
599 147.00000000000006 585 147.00000000000006 585 168.00000000000006 599 168.00000000000006 building 0
594 216.00000000000006 563 216.00000000000006 563 243.00000000000006 594 243.00000000000006 building 0
566 153.00000000000006 527 153.00000000000006 527 174.00000000000006 566 174.00000000000006 building 0
637 79.00000000000009 629 79.00000000000009 629 165.00000000000006 637 165.00000000000006 building 0
625 83.00000000000009 609 83.00000000000009 609 135.00000000000006 625 135.00000000000006 building 0
620 130.00000000000006 607 130.00000000000006 607 178.00000000000006 620 178.00000000000006 building 0
640 200.00000000000006 614 200.00000000000006 614 234.00000000000006 640 234.00000000000006 building 0
617 263.0000000000001 598 263.0000000000001 598 310.0000000000001 617 310.0000000000001 building 0
589 258.0000000000001 561 258.0000000000001 561 306.0000000000001 589 306.0000000000001 building 0
582 308.0000000000001 543 308.0000000000001 543 362.0000000000001 582 362.0000000000001 building 0
573 369.0000000000001 534 369.0000000000001 534 416.0000000000001 573 416.0000000000001 building 0
591 341.0000000000001 571 341.0000000000001 571 444.0000000000001 591 444.0000000000001 building 0
640 288.0000000000001 631 288.0000000000001 631 450.0000000000001 640 450.0000000000001 building 0
399 373 393 373 393 385 399 385 building 0
405 399 400 399 400 417 405 417 building 0
390 414 384 414 384 428 390 428 building 0
330.00000000000006 462 324 462 324.00000000000006 472 330.0000000000001 472 building 0
337.0000000000001 471 334.0000000000001 471 334.0000000000001 489 337.0000000000001 489 building 0
329.0000000000001 490 322.0000000000001 490 322.0000000000001 497 329.0000000000001 497 building 0
332.0000000000001 502 330.0000000000001 502 330.0000000000001 513 332.0000000000001 513 building 0
621 397.0000000000001 614 397.0000000000001 614 417.0000000000001 621 417.0000000000001 building 0
616 325.0000000000001 614 325.0000000000001 614 345.0000000000001 616 345.0000000000001 building 0
626 535 625 535 625 559 626 559 building 0
536 565 528 565 528 571 536 571 building 0
480.0000000000001 504.00000000000006 446.0000000000001 504 446.0000000000001 536 480.0000000000001 536 building 0
427.0000000000001 503 420.0000000000001 503 420.0000000000001 524 427.0000000000001 524 building 0
585 538 566 538 566 577 585 577 building 0
557 524 539 524 539 552 557 552 building 0
605 457.0000000000001 596 457.0000000000001 596 484.0000000000001 605 484.0000000000001 building 0
141.00000000000006 274 3.0000000000000338 274 3.000000000000049 520 141.00000000000006 520 water 0
316 366 314 366 314 382 316 382 building 0
420.0000000000001 505 413.0000000000001 505 413.0000000000001 543 420.0000000000001 543 building 0
514 386.0000000000001 500 386.0000000000001 500 410.0000000000001 514 410.0000000000001 building 0
141.00000000000006 269 133.00000000000006 269 133.00000000000006 270 141.00000000000006 270 building 0
272 178.00000000000006 262 178.00000000000006 262 212.00000000000006 272 212.00000000000006 building 0
157 134 149 134 149 149 157 149 building 0
323 96.00000000000003 297 96.00000000000003 297 128.00000000000006 323 128.00000000000006 building 0
363 134.00000000000006 359 134.00000000000006 359 159.00000000000006 363 159.00000000000006 building 0
618 320.0000000000001 612 320.0000000000001 612 355.0000000000001 618 355.0000000000001 building 0
635 319.0000000000001 627 319.0000000000001 627 335.0000000000001 635 335.0000000000001 building 0
593 143.00000000000006 589 143.00000000000006 589 167.00000000000006 593 167.00000000000006 building 0
571 75.00000000000006 558 75.00000000000006 558 104.00000000000006 571 104.00000000000006 building 0
224 93.00000000000003 214 93.00000000000003 214 105.00000000000003 224 105.00000000000003 building 0
335 293 327 293 327 317 335 317 building 0
341 270 335 270 335 285 341 285 building 0
410 444 395 444 395 456 410 456 building 0
539 214.00000000000006 533 214.00000000000006 533 226.00000000000006 539 226.00000000000006 building 0
525 146.00000000000006 509 146.00000000000006 509 172.00000000000006 525 172.00000000000006 building 0
198 117.00000000000003 171 117.00000000000003 171 144 198 144 building 0
160.00000000000006 380 149.00000000000006 380 149.00000000000006 398 160.00000000000006 398 building 0
578 510.0000000000001 573 510.0000000000001 573 532 578 532 building 0
489.0000000000001 532 484.0000000000001 532 484.0000000000001 545 489.0000000000001 545 building 0
613 461.0000000000001 611 461.0000000000001 611 487.0000000000001 613 487.0000000000001 building 0
630 463.0000000000001 626 463.0000000000001 626 508.0000000000001 630 508.0000000000001 building 0
629 537 621 537 621 571 629 571 building 0
534 310.0000000000001 530 310.0000000000001 530 322.0000000000001 534 322.0000000000001 building 0
543 315.0000000000001 522 315.0000000000001 522 334.0000000000001 543 334.0000000000001 building 0
217.00000000000003 217 199 217 199.00000000000003 251 217.00000000000006 251 building 0
108.00000000000003 121 100.00000000000003 121 100.00000000000003 137 108.00000000000003 137 building 0
364.0000000000001 526 322.0000000000001 526 322.0000000000001 550 364.0000000000001 550 building 0
46.000000000000014 100 28.000000000000014 100 28.000000000000014 162 46.000000000000014 162 prosopis 0
15.000000000000032 243 13.000000000000028 243 13.000000000000028 248 15.000000000000032 248 prosopis 0
66.00000000000003 206 11.000000000000025 206 11.000000000000032 312 66.00000000000003 312 prosopis 0
150 118.00000000000003 120.00000000000003 118.00000000000003 120.00000000000003 168 150 168 prosopis 0
298 178.00000000000006 269 178.00000000000006 269 229.00000000000006 298 229.00000000000006 prosopis 0
325 294 278 294 278 359 325 359 prosopis 0
77.00000000000004 330 6.000000000000041 330 6.000000000000046 424 77.00000000000006 424 prosopis 0
460 142.00000000000006 392 142.00000000000006 392 188.00000000000006 460 188.00000000000006 prosopis 0
374 159.00000000000006 324 159.00000000000006 324 244.00000000000006 374 244.00000000000006 prosopis 0
501 191.00000000000006 440 191.00000000000006 440 362 501 362.0000000000001 prosopis 0
259.0000000000001 467 174.00000000000006 467 174.00000000000006 603 259.0000000000001 603 prosopis 0
164.00000000000006 447 118.00000000000006 447 118.00000000000009 585 164.00000000000006 585 prosopis 0
399.00000000000006 452 334 452 334.00000000000006 494 399.0000000000001 494 prosopis 0
38.00000000000006 334 4.0903203091521596e-14 334 5.621128808086351e-14 584 38.00000000000007 584 prosopis 0
335 136.00000000000006 303 136.00000000000006 303 188.00000000000006 335 188.00000000000006 prosopis 0
300 229.00000000000006 281 229.00000000000006 281 268 300 268 prosopis 0
362 325 315 325 315 410 362 410 prosopis 0
464 329 373 329 373 401 464 401 prosopis 0
639 475.0000000000001 576 475.0000000000001 576 538 639 538 prosopis 0
308.00000000000006 433 273 433 273.00000000000006 477 308.0000000000001 477 prosopis 0
214 114.00000000000003 197 114.00000000000003 197 136 214 136 water 0
439 451 427 451 427 460 439 460 water 0
246.00000000000006 497 175.00000000000006 497 175.00000000000006 598 246.00000000000006 598 water 0
304 408 290 408 290 416 304 416 water 0
574 313.0000000000001 563 313.0000000000001 563 320.0000000000001 574 320.0000000000001 water 0
217 198 207 198 207 214 217 214 water 0
452 202.00000000000006 315 202.00000000000006 315 358 452 358 land 0
326 217.00000000000006 294 217.00000000000006 294 288 326 288 land 0
423 82.00000000000004 321 82.00000000000003 321 164.00000000000006 423 164.00000000000006 land 0
490 223.00000000000006 457 223.00000000000006 457 364.00000000000006 490 364.0000000000001 land 0
130.00000000000006 366 4.482207284879313e-14 366 5.719100552018139e-14 568 130.00000000000006 568 land 0
302.0000000000001 488 257.0000000000001 488 257.0000000000001 540 302.0000000000001 540 land 0
361.0000000000001 547 276.0000000000001 547 276.0000000000001 601 361.0000000000001 601 land 0
323 344 249.00000000000006 344 249.00000000000006 415 323 415 building 0
147.00000000000006 560 17.00000000000007 560 17.00000000000007 603 147.00000000000006 603 building 0
462.0000000000001 465 453.0000000000001 465 453.0000000000001 473 462.0000000000001 473 prosopis 0
421.0000000000001 491 343.0000000000001 491 343.0000000000001 562 421.0000000000001 562 prosopis 0
80.00000000000003 162 22.00000000000002 162 22.00000000000002 181 80.00000000000003 181 land 0
185.00000000000006 371 153.00000000000006 371 153.00000000000006 585 185.00000000000006 585 land 0
208.00000000000006 280 130.00000000000006 280 130.00000000000006 363 208.00000000000006 363 land 0
233.00000000000006 233.00000000000006 201.00000000000006 233 201.00000000000006 305 233.00000000000006 305 land 0
254.00000000000003 178.00000000000006 230 178 230.00000000000003 233.00000000000006 254.00000000000006 233.00000000000006 land 0
275 117.00000000000003 252 117.00000000000003 252 178.00000000000006 275 178.00000000000006 land 0
306 59.00000000000004 265 59.00000000000003 265 159.00000000000006 306 159.00000000000006 land 0
166.00000000000006 386 121.00000000000006 386 121.00000000000006 435 166.00000000000006 435 prosopis 0
139.00000000000003 175 91.00000000000003 175 91.00000000000003 256 139.00000000000006 256 othertrees 0
191 186 132 186 132.00000000000003 243 191.00000000000006 243 othertrees 0
222.00000000000006 233 138.00000000000006 233 138.00000000000006 290 222.00000000000006 290 othertrees 0
475 66.00000000000006 424 66.00000000000006 424 147.00000000000006 475 147.00000000000006 othertrees 0
235 59.00000000000003 181 59.00000000000003 181 97.00000000000003 235 97.00000000000003 othertrees 0
534 199.00000000000006 486 199.00000000000006 486 295.0000000000001 534 295.0000000000001 othertrees 0
388 382 346 382 346 416 388 416 othertrees 0
353 401 312 401 312 452 353 452 othertrees 0
384 307 337 307 337 348 384 348 othertrees 0
612 378.0000000000001 593 378.0000000000001 593 420.0000000000001 612 420.0000000000001 othertrees 0
256 267 227.00000000000006 267 227.00000000000006 308 256 308 othertrees 0
286 216.00000000000006 246 216.00000000000006 246 260 286 260 othertrees 0
561 559 370.0000000000001 559 370.0000000000001 600 561 600 land 0
515 279.0000000000001 467 279.0000000000001 467 368.0000000000001 515 368.0000000000001 prosopis 0
480 370.00000000000006 450 370 450 423.00000000000006 480 423.0000000000001 prosopis 0
595 93.00000000000009 545 93.00000000000006 545 145.00000000000006 595 145.00000000000006 othertrees 0
584 185.00000000000006 520 185.00000000000006 520 242.00000000000006 584 242.00000000000006 othertrees 0
113 72 73 72 73 103 113 103 land 0
185 122.00000000000003 144 122.00000000000003 144 176 185 176 othertrees 0
353 59.00000000000004 307 59.00000000000004 307 83.00000000000004 353 83.00000000000006 land 0
506 151.00000000000006 496 151.00000000000006 496 203.00000000000006 506 203.00000000000006 prosopis 0
274 281 251.00000000000006 281 251.00000000000006 349 274 349 prosopis 0
640 152.00000000000006 568 152.00000000000006 568 238.00000000000006 640 238.00000000000006 building 0