155 61.00000000000001 7.470345474798855e-15 61 1.7206287528020314e-14 220 155 220 prosopis 0
190.00000000000003 160 100.00000000000003 160 100.00000000000003 249 190.00000000000006 249 prosopis 0
146.00000000000003 225 46.00000000000003 225 46.00000000000003 354 146.00000000000006 354 prosopis 0
28.000000000000046 329 4.029087969194792e-14 329 4.518946688853733e-14 409 28.00000000000005 409 prosopis 0
210.00000000000006 261 177.00000000000006 261 177.00000000000006 332 210.00000000000006 332 prosopis 0
322.0000000000001 481 67.00000000000006 481 67.00000000000007 600 322.0000000000001 600 water 0
157.00000000000006 484 71.00000000000006 484 71.00000000000006 564 157.00000000000006 564 prosopis 0
219.00000000000006 340 164.00000000000006 340 164.00000000000006 467 219.00000000000006 467 prosopis 0
289 63.00000000000003 125 63.000000000000014 125.00000000000001 178.00000000000006 289 178.00000000000006 land 0
242 109.00000000000003 199 109.00000000000003 199 224.00000000000003 242 224.00000000000006 prosopis 0
211 90.00000000000003 150 90.00000000000003 150 157 211 157 othertrees 0
352 59.00000000000004 282 59.00000000000003 282 195.00000000000006 352 195.00000000000006 building 0
293 184.00000000000006 243 184.00000000000006 243.00000000000006 295 293 295 building 0
379 119.00000000000006 362 119.00000000000006 362 128.00000000000006 379 128.00000000000006 building 0
387 133.00000000000006 381 133.00000000000006 381 153.00000000000006 387 153.00000000000006 building 0
332 131.00000000000006 305 131.00000000000006 305 190.00000000000006 332 190.00000000000006 building 0
296 255.00000000000006 285 255.00000000000006 285 271 296 271 building 0
314 325 301 325 301 365 314 365 building 0
348 214.00000000000006 332 214.00000000000006 332 248.00000000000006 348 248.00000000000006 building 0
359 248.00000000000006 347 248.00000000000006 347 281 359 281 building 0
368 159.00000000000006 362 159.00000000000006 362 182.00000000000006 368 182.00000000000006 building 0
352 165.00000000000006 338 165.00000000000006 338 183.00000000000006 352 183.00000000000006 building 0
398 86.00000000000006 379 86.00000000000006 379 111.00000000000006 398 111.00000000000006 building 0
387 63.00000000000004 353 63.00000000000004 353 85.00000000000006 387 85.00000000000006 building 0
398 62.00000000000004 395 62.00000000000004 395 72.00000000000006 398 72.00000000000006 building 0
441 70.00000000000006 392 70.00000000000006 392 116.00000000000006 441 116.00000000000006 building 0
459 265 425 265 425 331 459 331 building 0
417 241.00000000000006 397 241.00000000000006 397 317 417 317 othertrees 0
318 209.00000000000006 291 209.00000000000006 291 308 318 308 othertrees 0
351 259 320 259 320 339 351 339 prosopis 0
443 162.00000000000006 378 162.00000000000006 378 215.00000000000006 443 215.00000000000006 prosopis 0
240.00000000000003 222.00000000000003 192 222 192.00000000000003 361 240.00000000000006 361 othertrees 0
266 348 247.00000000000006 348 247.00000000000006 374 266 374 othertrees 0
269 143.00000000000006 254 143.00000000000006 254 158.00000000000006 269 158.00000000000006 othertrees 0
219.00000000000003 159 174 159 174.00000000000003 255 219.00000000000006 255 othertrees 0
246 178.00000000000006 228 178 228.00000000000006 270 246.00000000000006 270 building 0
251.00000000000006 323 213.00000000000006 323 213.00000000000006 375 251.00000000000006 375 prosopis 0
258 363 234.00000000000006 363 234.00000000000006 408 258 408 prosopis 0
260 273 239.00000000000006 273 239.00000000000006 320 260 320 building 0
288 333 281 333 281 352 288 352 building 0
281 370 277 370 277 389 281 389 building 0
305 366 296 366 296 385 305 385 building 0
331 366 311 366 311 386 331 386 building 0
318 309 309 309 309 325 318 325 building 0
303 304 295 304 295 318 303 318 building 0
371 207.00000000000006 361 207.00000000000006 361 220.00000000000006 371 220.00000000000006 building 0
354 198.00000000000006 337 198.00000000000006 337 216.00000000000006 354 216.00000000000006 building 0
376 329 349 329 349 395 376 395 building 0
365 238.00000000000006 360 238.00000000000006 360 258 365 258 building 0
366 269 359 269 359 278 366 278 building 0
267 322 248.00000000000006 322 248.00000000000006 344 267 344 land 0
277 362 261 362 261 390 277 390 land 0
236.00000000000006 420 205.00000000000006 420 205.00000000000006 482 236.00000000000006 482 land 0
274 393 228.00000000000006 393 228.00000000000006 442 274 442 land 0
266.00000000000006 441 231.00000000000006 441 231.00000000000006 493 266.0000000000001 493 land 0
294 393 277 393 277 431 294 431 land 0
295.00000000000006 438 262 438 262.00000000000006 493 295.0000000000001 493 building 0
311 419 309 419 309 430 311 430 building 0
343 402 328 402 328 412 343 412 building 0
295 354 277 354 277 370 295 370 building 0
348 331 318 331 318 372 348 372 building 0
322 387 288 387 288.00000000000006 506 322.0000000000001 506 prosopis 0
352 393 305 393 305.00000000000006 472 352.0000000000001 472 prosopis 0
358 444 351 444 351 454 358 454 building 0
341.0000000000001 467 335.0000000000001 467 335.0000000000001 485 341.0000000000001 485 building 0
359.0000000000001 468 349.0000000000001 468 349.0000000000001 490 359.0000000000001 490 building 0
341.0000000000001 499 333.0000000000001 499 333.0000000000001 509 341.0000000000001 509 building 0
359.0000000000001 504 345.0000000000001 504 345.0000000000001 521 359.0000000000001 521 building 0
409.0000000000001 496 361.0000000000001 496 361.0000000000001 554 409.0000000000001 554 building 0
377.0000000000001 516 323.0000000000001 516 323.0000000000001 583 377.0000000000001 583 building 0
328.0000000000001 485 199.00000000000006 485 199.00000000000006 567 328.0000000000001 567 prosopis 0
357.0000000000001 555 314.0000000000001 555 314.0000000000001 602 357.0000000000001 602 prosopis 0
423 387 376 387 376 421 423 421 land 0
448 327 403 327 403 361 448 361 building 0
459 408 434 408 434 429 459 429 building 0
545 139.00000000000006 461 139.00000000000006 461 270.00000000000006 545 270.0000000000001 building 0
369 102.00000000000004 337 102.00000000000003 337 140.00000000000006 369 140.00000000000006 othertrees 0
395 116.00000000000006 384 116.00000000000006 384 127.00000000000006 395 127.00000000000006 othertrees 0
485 63.00000000000006 457 63.00000000000006 457 123.00000000000006 485 123.00000000000006 building 0
464 122.00000000000006 401 122.00000000000006 401 171.00000000000006 464 171.00000000000006 building 0
500 60.00000000000006 479 60.00000000000006 479 134.00000000000006 500 134.00000000000006 building 0
533 84.00000000000006 509 84.00000000000006 509 115.00000000000006 533 115.00000000000006 building 0
204 69.00000000000003 144 69.00000000000003 144 182 204 182 prosopis 0
238.00000000000006 207.00000000000003 187 207 187.00000000000003 330 238.00000000000006 330 prosopis 0
264 349 219.00000000000006 349 219.00000000000006 438 264 438 prosopis 0
487 70.00000000000006 416 70.00000000000006 416 287.00000000000006 487 287.0000000000001 othertrees 0
421 63.00000000000005 362 63.00000000000004 362 224.00000000000006 421 224.00000000000006 prosopis 0
640 218.00000000000006 595 218.00000000000006 595 379.0000000000001 640 379.0000000000001 prosopis 0
599 209.00000000000006 539 209.00000000000006 539 355.0000000000001 599 355.0000000000001 prosopis 0
507 65.00000000000006 447 65.00000000000006 447 209.00000000000006 507 209.00000000000006 othertrees 0
519 328.00000000000006 435 328 435.00000000000006 581 519 581 othertrees 0
469.00000000000006 299.00000000000006 388 299 388.00000000000006 582 469.0000000000001 582 prosopis 0
638 61.00000000000007 597 61.00000000000007 597 147.00000000000006 638 147.00000000000006 prosopis 0
569 60.000000000000064 492 60.00000000000006 492 145.00000000000006 569 145.00000000000006 prosopis 0
49.00000000000004 211 2.5840047462009154e-14 211 3.3249160596850643e-14 332 49.00000000000004 332 land 0
65.00000000000007 390 4.000000000000048 390 4.00000000000006 595 65.00000000000009 595 land 0
180.00000000000006 369 61.00000000000004 369 61.00000000000005 461 180.00000000000006 461 land 0
638 515 593 515 593 592 638 592 land 0
563 340.0000000000001 523 340.0000000000001 523 491.0000000000001 563 491.0000000000001 building 0
640 138.00000000000006 552 138.00000000000006 552 220.00000000000006 640 220.00000000000006 building 0
584 370.0000000000001 524 370.0000000000001 524 563 584 563 building 0
638 542 564 542 564 587 638 587 building 0
626 221.00000000000006 611 221.00000000000006 611 324.0000000000001 626 324.0000000000001 building 0
640 448.0000000000001 587 448.0000000000001 587 521 640 521 othertrees 0