35.00000000000004 61 4.000000000000007 61 4.000000000000039 574 35.00000000000007 574 land 0
47.00000000000004 62 7.59281015471359e-15 62 3.949485927250214e-14 583 47.00000000000007 583 land 0
239.00000000000003 75.00000000000003 172 75.00000000000003 172.00000000000003 590 239.00000000000006 590 land 0
208.00000000000006 79.00000000000003 173 79.00000000000003 173.00000000000006 297 208.00000000000006 297 land 0
222.00000000000006 299 186.00000000000006 299 186.00000000000006 592 222.00000000000006 592 land 0
634 70.00000000000006 246 70.00000000000003 246 115.00000000000006 634 115.00000000000009 land 0
389 134.00000000000006 248 134.00000000000006 248.00000000000006 298 389 298 land 0
274 224.00000000000003 210 224 210.00000000000003 320 274 320 prosopis 0
178.00000000000006 123 112.00000000000003 123 112.00000000000003 234 178.00000000000006 234 prosopis 0
118 65.00000000000001 79 65 79.00000000000001 162 118.00000000000003 162 othertrees 0
92.00000000000003 293 75.00000000000003 293 75.00000000000003 344 92.00000000000003 344 othertrees 0
124.00000000000007 373 60.00000000000004 373 60.00000000000006 585 124.00000000000009 585 othertrees 0
169.00000000000006 522 69.00000000000006 522 69.00000000000007 603 169.00000000000006 603 othertrees 0
113.00000000000003 168 36.000000000000014 168 36.00000000000002 242 113.00000000000003 242 land 0
80.00000000000001 61.00000000000001 51.000000000000014 61 51.000000000000014 151 80.00000000000003 151 land 0
174.00000000000006 408 115.00000000000006 408 115.00000000000006 541 174.00000000000006 541 land 0
119.00000000000004 260 43.00000000000003 260 43.00000000000004 434 119.00000000000006 434 building 0
481.0000000000001 378.00000000000006 244.00000000000006 378 244.00000000000006 606 481.0000000000001 606 prosopis 0
421 289 369 289 369 371 421 371 prosopis 0
355 308 268 308 268 368 355 368 land 0
462 153.00000000000006 397 153.00000000000006 397 306 462 306 building 0
90.00000000000001 71 47.000000000000014 71 47.000000000000014 121 90.00000000000003 121 prosopis 0
115.00000000000003 166 43.000000000000014 166 43.00000000000003 251 115.00000000000003 251 land 0
444 127.00000000000006 385 127.00000000000006 385 318 444 318 prosopis 0
156 58.000000000000014 115 58.000000000000014 115 107.00000000000001 156 107.00000000000003 prosopis 0
80.00000000000003 121 44.000000000000014 121 44.000000000000014 169 80.00000000000003 169 prosopis 0
184.00000000000003 63.000000000000014 19.000000000000007 63 19.00000000000003 397 184.00000000000006 397 land 0
75.00000000000007 445 24.000000000000057 445 24.000000000000064 598 75.00000000000009 598 land 0
529 119.00000000000006 392 119.00000000000006 392 586 529 586 prosopis 0
211 79.00000000000003 191 79.00000000000003 191 127.00000000000003 211 127.00000000000003 prosopis 0
72.00000000000006 462 41.00000000000006 462 41.00000000000007 534 72.00000000000006 534 land 0
13.000000000000034 260 3.000000000000032 260 3.000000000000034 298 13.000000000000036 298 prosopis 0
602 541 551 541 551 587 602 587 prosopis 0
640 58.00000000000006 404 58.00000000000004 404 206.00000000000006 640 206.00000000000006 land 0
17.000000000000043 338 8.000000000000043 338 8.000000000000044 372 17.000000000000043 372 prosopis 0
548 188.00000000000006 478 188.00000000000006 478 344.0000000000001 548 344.0000000000001 building 0
642.1301214405623 263.8908655416035 566.9066052087304 260.50745916545293 554.6445649624675 533.1302779914871 629.8680811942994 536.5136843676377 othertrees 0
575.1052833284416 280.36723426849346 551.1081596610828 279.15297279890797 544.4448545400325 410.8380843076947 568.4419782073912 412.0523457772802 othertrees 0
580.6542968981664 587.9548602726834 553.9994146867197 365.24001950300135 515.6407155874784 369.8308523489003 542.2955977989252 592.5456931185823 building 0
658.3958547822153 312.1489849610659 580.6517504930698 181.0198390174245 542.2796063681438 203.7699908099828 620.0237106572894 334.89913675362413 land 0